{
 "cells": [
  {
   "cell_type": "code",
   "execution_count": 1,
   "metadata": {},
   "outputs": [],
   "source": [
    "from Data_Loaders import loaders\n",
    "from pathlib import Path\n",
    "BASE_DIR = Path(\"/home/nbiescas/Desktop/CVC/CVC_internship\") #or Path().absolute()\n",
    "DATA_PATH = BASE_DIR / \"omniglot.npz\""
   ]
  },
  {
   "cell_type": "code",
   "execution_count": 2,
   "metadata": {},
   "outputs": [],
   "source": [
    "import torch\n",
    "from dgl.nn.pytorch import GraphConv\n",
    "from torch import nn\n",
    "from torch.nn.parameter import Parameter\n",
    "import torch.nn.functional as F\n",
    "\n",
    "device = 'cuda'\n",
    "class VGAEModel(nn.Module):\n",
    "    def __init__(self, in_dim, hidden1_dim, hidden2_dim):\n",
    "        super(VGAEModel, self).__init__()\n",
    "        self.in_dim = in_dim\n",
    "        self.hidden1_dim = hidden1_dim\n",
    "        self.hidden2_dim = hidden2_dim\n",
    "\n",
    "        layers = [GraphConv(self.in_dim, self.hidden1_dim, activation=F.sigmoid, allow_zero_in_degree=True),\n",
    "                  GraphConv(self.in_dim, self.hidden1_dim, activation=F.relu, allow_zero_in_degree=True),\n",
    "                  GraphConv(self.in_dim, self.hidden1_dim, activation=F.relu, allow_zero_in_degree=True),\n",
    "                  GraphConv(self.in_dim, self.hidden1_dim, activation=F.relu, allow_zero_in_degree=True),\n",
    "                  GraphConv(self.in_dim, self.hidden1_dim, activation=F.relu, allow_zero_in_degree=True),\n",
    "                  GraphConv(self.in_dim, self.hidden1_dim, activation=F.relu, allow_zero_in_degree=True),\n",
    "                  GraphConv(self.in_dim, self.hidden1_dim, activation=F.relu, allow_zero_in_degree=True),\n",
    "                  GraphConv(self.hidden1_dim, self.hidden2_dim, activation=lambda x: x, allow_zero_in_degree=True),\n",
    "                  GraphConv(self.hidden1_dim, self.hidden2_dim, activation=lambda x: x, allow_zero_in_degree=True)]\n",
    "        self.layers = nn.ModuleList(layers)\n",
    "\n",
    "    def encoder(self, g, features):\n",
    "        print(g)\n",
    "        for layer in self.layers[:-2]:\n",
    "            h = layer(g, features)\n",
    "        self.mean = self.layers[-2](g, h)\n",
    "        self.log_std = self.layers[-1](g, h)\n",
    "        gaussian_noise = torch.randn(features.size(0), self.hidden2_dim).to(device)\n",
    "        sampled_z = self.mean + gaussian_noise * torch.exp(self.log_std.mul(0.5)).to(device) #The think that changes is that he is using the log_std insted of the log_var\n",
    "        return sampled_z\n",
    "\n",
    "    def decoder(self, z):\n",
    "        adj_rec = torch.sigmoid(torch.matmul(z, z.t()))\n",
    "        return adj_rec\n",
    "\n",
    "    def forward(self, g, features):\n",
    "        z = self.encoder(g, features)\n",
    "        adj_rec = self.decoder(z)\n",
    "        return adj_rec"
   ]
  },
  {
   "cell_type": "code",
   "execution_count": 3,
   "metadata": {},
   "outputs": [],
   "source": [
    "train, val, test = loaders(DATA_PATH)\n",
    "model = VGAEModel(2, 10, 15).to('cuda')\n",
    "graph, adj = next(iter(train))"
   ]
  },
  {
   "cell_type": "code",
   "execution_count": 26,
   "metadata": {},
   "outputs": [
    {
     "data": {
      "text/plain": [
       "128"
      ]
     },
     "execution_count": 26,
     "metadata": {},
     "output_type": "execute_result"
    }
   ],
   "source": [
    "train.batch_size\n"
   ]
  },
  {
   "cell_type": "code",
   "execution_count": 7,
   "metadata": {},
   "outputs": [],
   "source": [
    "feat = graph.ndata.pop('feat')"
   ]
  },
  {
   "cell_type": "code",
   "execution_count": 10,
   "metadata": {},
   "outputs": [
    {
     "data": {
      "text/plain": [
       "tensor([[0.5000, 0.5000],\n",
       "        [0.5046, 0.4954],\n",
       "        [0.5446, 0.4554],\n",
       "        ...,\n",
       "        [0.6421, 0.3579],\n",
       "        [0.6354, 0.3646],\n",
       "        [0.6870, 0.3130]])"
      ]
     },
     "execution_count": 10,
     "metadata": {},
     "output_type": "execute_result"
    }
   ],
   "source": [
    "feat"
   ]
  },
  {
   "cell_type": "code",
   "execution_count": 27,
   "metadata": {},
   "outputs": [
    {
     "data": {
      "text/plain": [
       "tensor([ 36,  28,  28,  26,  38,  37,  29,  38,  48,  20,  27,  32,  37,  43,\n",
       "         28,  27,  11,  28,  30,  28,  21,  22,   5,  45,  40,  60,   6,  18,\n",
       "         23,  31,  37,  20,  36,  26,  23,  32,  25,  13,  44,  52,  22,  21,\n",
       "         34,   7,  20,  15,  17,   4,  44,  21,  35,  13,  45,  28,  27,  57,\n",
       "         18,  31,  20,  47,  68,  18,  17,  30,  58,  38,  15,  38,  42,  23,\n",
       "          7,  25,  22,  31,  14,  19,  43,  16,  22,  24,  22,  17,  29,  33,\n",
       "         11,  56,   7,  28,  50,   8,  30,  15,  29,  24,  55,  34,  27,  25,\n",
       "         32,  32,  44,   9,  40,  21,  45,  14,  25,  35,  28,  43, 109,  10,\n",
       "         20,  26,  23,  26,  13,  35,  45,  34,  49,  21,  38,  12,  13,  54,\n",
       "         27,   6])"
      ]
     },
     "execution_count": 27,
     "metadata": {},
     "output_type": "execute_result"
    }
   ],
   "source": [
    "graph.batch_num_nodes()"
   ]
  },
  {
   "cell_type": "code",
   "execution_count": 39,
   "metadata": {},
   "outputs": [],
   "source": [
    "a = torch.tensor([[2, 3],\n",
    "               [6, 3],\n",
    "               [1, 3],\n",
    "               [9, 3],\n",
    "               [43, 3],\n",
    "               [23, 3],\n",
    "               [54, 3],\n",
    "               [2, 3]], dtype=torch.float)"
   ]
  },
  {
   "cell_type": "code",
   "execution_count": 42,
   "metadata": {},
   "outputs": [],
   "source": [
    "mean = a.mean(dim=0)\n",
    "std = a.std(dim=0)"
   ]
  },
  {
   "cell_type": "code",
   "execution_count": 44,
   "metadata": {},
   "outputs": [],
   "source": [
    "nor = (a - mean) / std"
   ]
  },
  {
   "cell_type": "code",
   "execution_count": 45,
   "metadata": {},
   "outputs": [
    {
     "data": {
      "text/plain": [
       "tensor([[-0.7525,     nan],\n",
       "        [-0.5583,     nan],\n",
       "        [-0.8010,     nan],\n",
       "        [-0.4127,     nan],\n",
       "        [ 1.2380,     nan],\n",
       "        [ 0.2670,     nan],\n",
       "        [ 1.7720,     nan],\n",
       "        [-0.7525,     nan]])"
      ]
     },
     "execution_count": 45,
     "metadata": {},
     "output_type": "execute_result"
    }
   ],
   "source": [
    "nor"
   ]
  },
  {
   "cell_type": "code",
   "execution_count": 22,
   "metadata": {},
   "outputs": [],
   "source": [
    "start_idx = 0\n",
    "output_matrix = []\n",
    "for nodes in graph.batch_num_nodes():\n",
    "    end_index = start_idx + nodes\n",
    "    features_graph = feat[start_idx:end_index]\n",
    "    output_matrix.append(torch.sigmoid(torch.matmul(features_graph, features_graph.t())))\n",
    "    start_idx = end_index"
   ]
  },
  {
   "cell_type": "code",
   "execution_count": 24,
   "metadata": {},
   "outputs": [
    {
     "data": {
      "text/plain": [
       "[tensor([[0.6225, 0.6225, 0.6225,  ..., 0.6225, 0.6225, 0.6225],\n",
       "         [0.6225, 0.6225, 0.6226,  ..., 0.6225, 0.6225, 0.6225],\n",
       "         [0.6225, 0.6226, 0.6234,  ..., 0.6225, 0.6224, 0.6225],\n",
       "         ...,\n",
       "         [0.6225, 0.6225, 0.6225,  ..., 0.6225, 0.6225, 0.6225],\n",
       "         [0.6225, 0.6225, 0.6224,  ..., 0.6225, 0.6225, 0.6225],\n",
       "         [0.6225, 0.6225, 0.6225,  ..., 0.6225, 0.6225, 0.6225]]),\n",
       " tensor([[0.6225, 0.6225, 0.6225, 0.6225, 0.6225, 0.6225, 0.6225, 0.6225, 0.6225,\n",
       "          0.6225, 0.6225, 0.6225, 0.6225, 0.6225, 0.6225, 0.6225, 0.6225, 0.6225,\n",
       "          0.6225, 0.6225, 0.6225, 0.6225, 0.6225, 0.6225, 0.6225, 0.6225, 0.6225,\n",
       "          0.6225],\n",
       "         [0.6225, 0.6230, 0.6230, 0.6231, 0.6225, 0.6224, 0.6220, 0.6212, 0.6211,\n",
       "          0.6151, 0.6147, 0.6146, 0.6151, 0.6151, 0.6155, 0.6160, 0.6163, 0.6174,\n",
       "          0.6176, 0.6182, 0.6203, 0.6175, 0.6158, 0.6155, 0.6141, 0.6141, 0.6144,\n",
       "          0.6144],\n",
       "         [0.6225, 0.6230, 0.6230, 0.6231, 0.6225, 0.6224, 0.6220, 0.6213, 0.6212,\n",
       "          0.6156, 0.6151, 0.6150, 0.6156, 0.6155, 0.6159, 0.6163, 0.6166, 0.6176,\n",
       "          0.6179, 0.6184, 0.6204, 0.6178, 0.6162, 0.6159, 0.6146, 0.6146, 0.6149,\n",
       "          0.6148],\n",
       "         [0.6225, 0.6231, 0.6231, 0.6233, 0.6225, 0.6224, 0.6219, 0.6210, 0.6209,\n",
       "          0.6138, 0.6133, 0.6132, 0.6138, 0.6138, 0.6143, 0.6148, 0.6152, 0.6165,\n",
       "          0.6168, 0.6174, 0.6199, 0.6167, 0.6146, 0.6143, 0.6127, 0.6127, 0.6130,\n",
       "          0.6130],\n",
       "         [0.6225, 0.6225, 0.6225, 0.6225, 0.6225, 0.6225, 0.6224, 0.6223, 0.6223,\n",
       "          0.6218, 0.6217, 0.6217, 0.6218, 0.6218, 0.6218, 0.6219, 0.6219, 0.6220,\n",
       "          0.6220, 0.6221, 0.6223, 0.6220, 0.6218, 0.6218, 0.6217, 0.6217, 0.6217,\n",
       "          0.6217],\n",
       "         [0.6225, 0.6224, 0.6224, 0.6224, 0.6225, 0.6225, 0.6225, 0.6225, 0.6225,\n",
       "          0.6226, 0.6226, 0.6226, 0.6226, 0.6226, 0.6226, 0.6226, 0.6226, 0.6226,\n",
       "          0.6226, 0.6226, 0.6225, 0.6226, 0.6226, 0.6226, 0.6227, 0.6227, 0.6226,\n",
       "          0.6226],\n",
       "         [0.6225, 0.6220, 0.6220, 0.6219, 0.6224, 0.6225, 0.6229, 0.6235, 0.6236,\n",
       "          0.6288, 0.6291, 0.6292, 0.6288, 0.6288, 0.6284, 0.6280, 0.6278, 0.6269,\n",
       "          0.6266, 0.6261, 0.6243, 0.6267, 0.6282, 0.6284, 0.6296, 0.6296, 0.6294,\n",
       "          0.6294],\n",
       "         [0.6225, 0.6212, 0.6213, 0.6210, 0.6223, 0.6225, 0.6235, 0.6251, 0.6253,\n",
       "          0.6380, 0.6389, 0.6391, 0.6380, 0.6380, 0.6371, 0.6363, 0.6356, 0.6333,\n",
       "          0.6328, 0.6315, 0.6271, 0.6330, 0.6366, 0.6371, 0.6401, 0.6401, 0.6396,\n",
       "          0.6396],\n",
       "         [0.6225, 0.6211, 0.6212, 0.6209, 0.6223, 0.6225, 0.6236, 0.6253, 0.6254,\n",
       "          0.6387, 0.6397, 0.6399, 0.6387, 0.6388, 0.6378, 0.6369, 0.6362, 0.6338,\n",
       "          0.6332, 0.6320, 0.6273, 0.6334, 0.6373, 0.6378, 0.6409, 0.6409, 0.6403,\n",
       "          0.6404],\n",
       "         [0.6225, 0.6151, 0.6156, 0.6138, 0.6218, 0.6226, 0.6288, 0.6380, 0.6387,\n",
       "          0.7084, 0.7133, 0.7143, 0.7084, 0.7086, 0.7039, 0.6993, 0.6959, 0.6837,\n",
       "          0.6805, 0.6739, 0.6493, 0.6816, 0.7014, 0.7039, 0.7191, 0.7191, 0.7165,\n",
       "          0.7166],\n",
       "         [0.6225, 0.6147, 0.6151, 0.6133, 0.6217, 0.6226, 0.6291, 0.6389, 0.6397,\n",
       "          0.7133, 0.7185, 0.7195, 0.7133, 0.7136, 0.7086, 0.7037, 0.7002, 0.6873,\n",
       "          0.6840, 0.6770, 0.6509, 0.6851, 0.7059, 0.7086, 0.7246, 0.7246, 0.7218,\n",
       "          0.7219],\n",
       "         [0.6225, 0.6146, 0.6150, 0.6132, 0.6217, 0.6226, 0.6292, 0.6391, 0.6399,\n",
       "          0.7143, 0.7195, 0.7206, 0.7143, 0.7146, 0.7095, 0.7046, 0.7011, 0.6880,\n",
       "          0.6847, 0.6776, 0.6512, 0.6858, 0.7068, 0.7096, 0.7257, 0.7257, 0.7229,\n",
       "          0.7230],\n",
       "         [0.6225, 0.6151, 0.6156, 0.6138, 0.6218, 0.6226, 0.6288, 0.6380, 0.6387,\n",
       "          0.7084, 0.7133, 0.7143, 0.7084, 0.7086, 0.7039, 0.6993, 0.6959, 0.6837,\n",
       "          0.6805, 0.6739, 0.6493, 0.6816, 0.7014, 0.7040, 0.7192, 0.7192, 0.7165,\n",
       "          0.7166],\n",
       "         [0.6225, 0.6151, 0.6155, 0.6138, 0.6218, 0.6226, 0.6288, 0.6380, 0.6388,\n",
       "          0.7086, 0.7136, 0.7146, 0.7086, 0.7089, 0.7041, 0.6995, 0.6961, 0.6838,\n",
       "          0.6807, 0.6741, 0.6494, 0.6818, 0.7016, 0.7042, 0.7194, 0.7194, 0.7168,\n",
       "          0.7169],\n",
       "         [0.6225, 0.6155, 0.6159, 0.6143, 0.6218, 0.6226, 0.6284, 0.6371, 0.6378,\n",
       "          0.7039, 0.7086, 0.7095, 0.7039, 0.7041, 0.6996, 0.6952, 0.6920, 0.6804,\n",
       "          0.6774, 0.6712, 0.6478, 0.6785, 0.6972, 0.6997, 0.7142, 0.7142, 0.7116,\n",
       "          0.7117],\n",
       "         [0.6225, 0.6160, 0.6163, 0.6148, 0.6219, 0.6226, 0.6280, 0.6363, 0.6369,\n",
       "          0.6993, 0.7037, 0.7046, 0.6993, 0.6995, 0.6952, 0.6910, 0.6880, 0.6770,\n",
       "          0.6742, 0.6683, 0.6463, 0.6752, 0.6929, 0.6953, 0.7090, 0.7090, 0.7066,\n",
       "          0.7067],\n",
       "         [0.6225, 0.6163, 0.6166, 0.6152, 0.6219, 0.6226, 0.6278, 0.6356, 0.6362,\n",
       "          0.6959, 0.7002, 0.7011, 0.6959, 0.6961, 0.6920, 0.6880, 0.6851, 0.6746,\n",
       "          0.6719, 0.6662, 0.6452, 0.6728, 0.6898, 0.6921, 0.7053, 0.7053, 0.7030,\n",
       "          0.7030],\n",
       "         [0.6225, 0.6174, 0.6176, 0.6165, 0.6220, 0.6226, 0.6269, 0.6333, 0.6338,\n",
       "          0.6837, 0.6873, 0.6880, 0.6837, 0.6838, 0.6804, 0.6770, 0.6746, 0.6658,\n",
       "          0.6635, 0.6588, 0.6413, 0.6643, 0.6785, 0.6804, 0.6916, 0.6916, 0.6896,\n",
       "          0.6897],\n",
       "         [0.6225, 0.6176, 0.6179, 0.6168, 0.6220, 0.6226, 0.6266, 0.6328, 0.6332,\n",
       "          0.6805, 0.6840, 0.6847, 0.6805, 0.6807, 0.6774, 0.6742, 0.6719, 0.6635,\n",
       "          0.6614, 0.6569, 0.6403, 0.6621, 0.6757, 0.6775, 0.6881, 0.6881, 0.6862,\n",
       "          0.6863],\n",
       "         [0.6225, 0.6182, 0.6184, 0.6174, 0.6221, 0.6226, 0.6261, 0.6315, 0.6320,\n",
       "          0.6739, 0.6770, 0.6776, 0.6739, 0.6741, 0.6712, 0.6683, 0.6662, 0.6588,\n",
       "          0.6569, 0.6529, 0.6382, 0.6575, 0.6696, 0.6712, 0.6806, 0.6806, 0.6790,\n",
       "          0.6790],\n",
       "         [0.6225, 0.6203, 0.6204, 0.6199, 0.6223, 0.6225, 0.6243, 0.6271, 0.6273,\n",
       "          0.6493, 0.6509, 0.6512, 0.6493, 0.6494, 0.6478, 0.6463, 0.6452, 0.6413,\n",
       "          0.6403, 0.6382, 0.6306, 0.6406, 0.6470, 0.6478, 0.6529, 0.6529, 0.6520,\n",
       "          0.6520],\n",
       "         [0.6225, 0.6175, 0.6178, 0.6167, 0.6220, 0.6226, 0.6267, 0.6330, 0.6334,\n",
       "          0.6816, 0.6851, 0.6858, 0.6816, 0.6818, 0.6785, 0.6752, 0.6728, 0.6643,\n",
       "          0.6621, 0.6575, 0.6406, 0.6629, 0.6767, 0.6785, 0.6893, 0.6893, 0.6874,\n",
       "          0.6875],\n",
       "         [0.6225, 0.6158, 0.6162, 0.6146, 0.6218, 0.6226, 0.6282, 0.6366, 0.6373,\n",
       "          0.7014, 0.7059, 0.7068, 0.7014, 0.7016, 0.6972, 0.6929, 0.6898, 0.6785,\n",
       "          0.6757, 0.6696, 0.6470, 0.6767, 0.6949, 0.6973, 0.7113, 0.7113, 0.7089,\n",
       "          0.7090],\n",
       "         [0.6225, 0.6155, 0.6159, 0.6143, 0.6218, 0.6226, 0.6284, 0.6371, 0.6378,\n",
       "          0.7039, 0.7086, 0.7096, 0.7040, 0.7042, 0.6997, 0.6953, 0.6921, 0.6804,\n",
       "          0.6775, 0.6712, 0.6478, 0.6785, 0.6973, 0.6997, 0.7142, 0.7142, 0.7117,\n",
       "          0.7118],\n",
       "         [0.6225, 0.6141, 0.6146, 0.6127, 0.6217, 0.6227, 0.6296, 0.6401, 0.6409,\n",
       "          0.7191, 0.7246, 0.7257, 0.7192, 0.7194, 0.7142, 0.7090, 0.7053, 0.6916,\n",
       "          0.6881, 0.6806, 0.6529, 0.6893, 0.7113, 0.7142, 0.7311, 0.7311, 0.7281,\n",
       "          0.7282],\n",
       "         [0.6225, 0.6141, 0.6146, 0.6127, 0.6217, 0.6227, 0.6296, 0.6401, 0.6409,\n",
       "          0.7191, 0.7246, 0.7257, 0.7192, 0.7194, 0.7142, 0.7090, 0.7053, 0.6916,\n",
       "          0.6881, 0.6806, 0.6529, 0.6893, 0.7113, 0.7142, 0.7311, 0.7311, 0.7281,\n",
       "          0.7282],\n",
       "         [0.6225, 0.6144, 0.6149, 0.6130, 0.6217, 0.6226, 0.6294, 0.6396, 0.6403,\n",
       "          0.7165, 0.7218, 0.7229, 0.7165, 0.7168, 0.7116, 0.7066, 0.7030, 0.6896,\n",
       "          0.6862, 0.6790, 0.6520, 0.6874, 0.7089, 0.7117, 0.7281, 0.7281, 0.7253,\n",
       "          0.7254],\n",
       "         [0.6225, 0.6144, 0.6148, 0.6130, 0.6217, 0.6226, 0.6294, 0.6396, 0.6404,\n",
       "          0.7166, 0.7219, 0.7230, 0.7166, 0.7169, 0.7117, 0.7067, 0.7030, 0.6897,\n",
       "          0.6863, 0.6790, 0.6520, 0.6875, 0.7090, 0.7118, 0.7282, 0.7282, 0.7254,\n",
       "          0.7255]]),\n",
       " tensor([[0.6225, 0.6225, 0.6225, 0.6225, 0.6225, 0.6225, 0.6225, 0.6225, 0.6225,\n",
       "          0.6225, 0.6225, 0.6225, 0.6225, 0.6225, 0.6225, 0.6225, 0.6225, 0.6225,\n",
       "          0.6225, 0.6225, 0.6225, 0.6225, 0.6225, 0.6225, 0.6225, 0.6225, 0.6225,\n",
       "          0.6225],\n",
       "         [0.6225, 0.6227, 0.6230, 0.6232, 0.6231, 0.6228, 0.6225, 0.6222, 0.6221,\n",
       "          0.6222, 0.6225, 0.6224, 0.6246, 0.6265, 0.6275, 0.6275, 0.6267, 0.6265,\n",
       "          0.6262, 0.6256, 0.6244, 0.6239, 0.6236, 0.6234, 0.6234, 0.6243, 0.6238,\n",
       "          0.6237],\n",
       "         [0.6225, 0.6230, 0.6237, 0.6242, 0.6241, 0.6232, 0.6226, 0.6217, 0.6216,\n",
       "          0.6218, 0.6226, 0.6223, 0.6278, 0.6324, 0.6346, 0.6346, 0.6328, 0.6324,\n",
       "          0.6316, 0.6302, 0.6271, 0.6260, 0.6252, 0.6248, 0.6248, 0.6270, 0.6256,\n",
       "          0.6254],\n",
       "         [0.6225, 0.6232, 0.6242, 0.6248, 0.6247, 0.6234, 0.6226, 0.6215, 0.6214,\n",
       "          0.6216, 0.6227, 0.6223, 0.6296, 0.6357, 0.6388, 0.6388, 0.6363, 0.6358,\n",
       "          0.6347, 0.6328, 0.6287, 0.6272, 0.6261, 0.6256, 0.6257, 0.6286, 0.6267,\n",
       "          0.6264],\n",
       "         [0.6225, 0.6231, 0.6241, 0.6247, 0.6247, 0.6234, 0.6226, 0.6215, 0.6214,\n",
       "          0.6216, 0.6227, 0.6223, 0.6295, 0.6354, 0.6384, 0.6384, 0.6360, 0.6355,\n",
       "          0.6344, 0.6326, 0.6285, 0.6271, 0.6260, 0.6255, 0.6256, 0.6284, 0.6266,\n",
       "          0.6263],\n",
       "         [0.6225, 0.6228, 0.6232, 0.6234, 0.6234, 0.6229, 0.6225, 0.6220, 0.6220,\n",
       "          0.6221, 0.6225, 0.6224, 0.6255, 0.6281, 0.6294, 0.6294, 0.6283, 0.6281,\n",
       "          0.6276, 0.6268, 0.6251, 0.6245, 0.6240, 0.6238, 0.6238, 0.6250, 0.6243,\n",
       "          0.6241],\n",
       "         [0.6225, 0.6225, 0.6226, 0.6226, 0.6226, 0.6225, 0.6225, 0.6224, 0.6224,\n",
       "          0.6224, 0.6225, 0.6224, 0.6228, 0.6232, 0.6233, 0.6233, 0.6232, 0.6232,\n",
       "          0.6231, 0.6230, 0.6228, 0.6227, 0.6227, 0.6226, 0.6226, 0.6228, 0.6227,\n",
       "          0.6227],\n",
       "         [0.6225, 0.6222, 0.6217, 0.6215, 0.6215, 0.6220, 0.6224, 0.6229, 0.6229,\n",
       "          0.6228, 0.6224, 0.6225, 0.6193, 0.6166, 0.6152, 0.6152, 0.6163, 0.6166,\n",
       "          0.6171, 0.6179, 0.6197, 0.6204, 0.6209, 0.6211, 0.6211, 0.6198, 0.6206,\n",
       "          0.6207],\n",
       "         [0.6225, 0.6221, 0.6216, 0.6214, 0.6214, 0.6220, 0.6224, 0.6229, 0.6230,\n",
       "          0.6229, 0.6224, 0.6225, 0.6190, 0.6161, 0.6146, 0.6146, 0.6158, 0.6160,\n",
       "          0.6166, 0.6175, 0.6195, 0.6202, 0.6207, 0.6210, 0.6209, 0.6195, 0.6204,\n",
       "          0.6206],\n",
       "         [0.6225, 0.6222, 0.6218, 0.6216, 0.6216, 0.6221, 0.6224, 0.6228, 0.6229,\n",
       "          0.6228, 0.6224, 0.6225, 0.6198, 0.6174, 0.6163, 0.6163, 0.6172, 0.6174,\n",
       "          0.6178, 0.6185, 0.6201, 0.6207, 0.6211, 0.6213, 0.6213, 0.6202, 0.6209,\n",
       "          0.6210],\n",
       "         [0.6225, 0.6225, 0.6226, 0.6227, 0.6227, 0.6225, 0.6225, 0.6224, 0.6224,\n",
       "          0.6224, 0.6225, 0.6224, 0.6231, 0.6237, 0.6240, 0.6240, 0.6238, 0.6237,\n",
       "          0.6236, 0.6234, 0.6230, 0.6229, 0.6228, 0.6227, 0.6228, 0.6230, 0.6229,\n",
       "          0.6228],\n",
       "         [0.6225, 0.6224, 0.6223, 0.6223, 0.6223, 0.6224, 0.6224, 0.6225, 0.6225,\n",
       "          0.6225, 0.6224, 0.6225, 0.6219, 0.6214, 0.6212, 0.6212, 0.6214, 0.6214,\n",
       "          0.6215, 0.6217, 0.6220, 0.6221, 0.6222, 0.6222, 0.6222, 0.6220, 0.6221,\n",
       "          0.6222],\n",
       "         [0.6225, 0.6246, 0.6278, 0.6296, 0.6295, 0.6255, 0.6228, 0.6193, 0.6190,\n",
       "          0.6198, 0.6231, 0.6219, 0.6446, 0.6631, 0.6722, 0.6722, 0.6649, 0.6632,\n",
       "          0.6600, 0.6542, 0.6417, 0.6372, 0.6338, 0.6321, 0.6324, 0.6413, 0.6357,\n",
       "          0.6346],\n",
       "         [0.6225, 0.6265, 0.6324, 0.6357, 0.6354, 0.6281, 0.6232, 0.6166, 0.6161,\n",
       "          0.6174, 0.6237, 0.6214, 0.6631, 0.6963, 0.7122, 0.7122, 0.6993, 0.6964,\n",
       "          0.6907, 0.6805, 0.6578, 0.6497, 0.6434, 0.6403, 0.6408, 0.6572, 0.6469,\n",
       "          0.6449],\n",
       "         [0.6225, 0.6275, 0.6346, 0.6388, 0.6384, 0.6294, 0.6233, 0.6152, 0.6146,\n",
       "          0.6163, 0.6240, 0.6212, 0.6722, 0.7122, 0.7311, 0.7311, 0.7158, 0.7123,\n",
       "          0.7055, 0.6933, 0.6658, 0.6558, 0.6482, 0.6444, 0.6450, 0.6650, 0.6525,\n",
       "          0.6500],\n",
       "         [0.6225, 0.6275, 0.6346, 0.6388, 0.6384, 0.6294, 0.6233, 0.6152, 0.6146,\n",
       "          0.6163, 0.6240, 0.6212, 0.6722, 0.7122, 0.7311, 0.7311, 0.7158, 0.7123,\n",
       "          0.7055, 0.6933, 0.6658, 0.6558, 0.6482, 0.6444, 0.6450, 0.6650, 0.6525,\n",
       "          0.6500],\n",
       "         [0.6225, 0.6267, 0.6328, 0.6363, 0.6360, 0.6283, 0.6232, 0.6163, 0.6158,\n",
       "          0.6172, 0.6238, 0.6214, 0.6649, 0.6993, 0.7158, 0.7158, 0.7025, 0.6995,\n",
       "          0.6936, 0.6830, 0.6594, 0.6508, 0.6443, 0.6411, 0.6416, 0.6587, 0.6480,\n",
       "          0.6459],\n",
       "         [0.6225, 0.6265, 0.6324, 0.6358, 0.6355, 0.6281, 0.6232, 0.6166, 0.6160,\n",
       "          0.6174, 0.6237, 0.6214, 0.6632, 0.6964, 0.7123, 0.7123, 0.6995, 0.6965,\n",
       "          0.6908, 0.6806, 0.6579, 0.6497, 0.6435, 0.6403, 0.6408, 0.6572, 0.6470,\n",
       "          0.6449],\n",
       "         [0.6225, 0.6262, 0.6316, 0.6347, 0.6344, 0.6276, 0.6231, 0.6171, 0.6166,\n",
       "          0.6178, 0.6236, 0.6215, 0.6600, 0.6907, 0.7055, 0.7055, 0.6936, 0.6908,\n",
       "          0.6856, 0.6761, 0.6551, 0.6475, 0.6418, 0.6389, 0.6394, 0.6545, 0.6450,\n",
       "          0.6431],\n",
       "         [0.6225, 0.6256, 0.6302, 0.6328, 0.6326, 0.6268, 0.6230, 0.6179, 0.6175,\n",
       "          0.6185, 0.6234, 0.6217, 0.6542, 0.6805, 0.6933, 0.6933, 0.6830, 0.6806,\n",
       "          0.6761, 0.6680, 0.6501, 0.6437, 0.6388, 0.6364, 0.6367, 0.6496, 0.6415,\n",
       "          0.6399],\n",
       "         [0.6225, 0.6244, 0.6271, 0.6287, 0.6285, 0.6251, 0.6228, 0.6197, 0.6195,\n",
       "          0.6201, 0.6230, 0.6220, 0.6417, 0.6578, 0.6658, 0.6658, 0.6594, 0.6579,\n",
       "          0.6551, 0.6501, 0.6391, 0.6352, 0.6323, 0.6308, 0.6311, 0.6388, 0.6339,\n",
       "          0.6330],\n",
       "         [0.6225, 0.6239, 0.6260, 0.6272, 0.6271, 0.6245, 0.6227, 0.6204, 0.6202,\n",
       "          0.6207, 0.6229, 0.6221, 0.6372, 0.6497, 0.6558, 0.6558, 0.6508, 0.6497,\n",
       "          0.6475, 0.6437, 0.6352, 0.6323, 0.6300, 0.6289, 0.6290, 0.6350, 0.6313,\n",
       "          0.6305],\n",
       "         [0.6225, 0.6236, 0.6252, 0.6261, 0.6260, 0.6240, 0.6227, 0.6209, 0.6207,\n",
       "          0.6211, 0.6228, 0.6222, 0.6338, 0.6434, 0.6482, 0.6482, 0.6443, 0.6435,\n",
       "          0.6418, 0.6388, 0.6323, 0.6300, 0.6283, 0.6274, 0.6275, 0.6321, 0.6292,\n",
       "          0.6287],\n",
       "         [0.6225, 0.6234, 0.6248, 0.6256, 0.6255, 0.6238, 0.6226, 0.6211, 0.6210,\n",
       "          0.6213, 0.6227, 0.6222, 0.6321, 0.6403, 0.6444, 0.6444, 0.6411, 0.6403,\n",
       "          0.6389, 0.6364, 0.6308, 0.6289, 0.6274, 0.6266, 0.6268, 0.6307, 0.6282,\n",
       "          0.6277],\n",
       "         [0.6225, 0.6234, 0.6248, 0.6257, 0.6256, 0.6238, 0.6226, 0.6211, 0.6209,\n",
       "          0.6213, 0.6228, 0.6222, 0.6324, 0.6408, 0.6450, 0.6450, 0.6416, 0.6408,\n",
       "          0.6394, 0.6367, 0.6311, 0.6290, 0.6275, 0.6268, 0.6269, 0.6309, 0.6284,\n",
       "          0.6279],\n",
       "         [0.6225, 0.6243, 0.6270, 0.6286, 0.6284, 0.6250, 0.6228, 0.6198, 0.6195,\n",
       "          0.6202, 0.6230, 0.6220, 0.6413, 0.6572, 0.6650, 0.6650, 0.6587, 0.6572,\n",
       "          0.6545, 0.6496, 0.6388, 0.6350, 0.6321, 0.6307, 0.6309, 0.6385, 0.6337,\n",
       "          0.6328],\n",
       "         [0.6225, 0.6238, 0.6256, 0.6267, 0.6266, 0.6243, 0.6227, 0.6206, 0.6204,\n",
       "          0.6209, 0.6229, 0.6221, 0.6357, 0.6469, 0.6525, 0.6525, 0.6480, 0.6470,\n",
       "          0.6450, 0.6415, 0.6339, 0.6313, 0.6292, 0.6282, 0.6284, 0.6337, 0.6304,\n",
       "          0.6297],\n",
       "         [0.6225, 0.6237, 0.6254, 0.6264, 0.6263, 0.6241, 0.6227, 0.6207, 0.6206,\n",
       "          0.6210, 0.6228, 0.6222, 0.6346, 0.6449, 0.6500, 0.6500, 0.6459, 0.6449,\n",
       "          0.6431, 0.6399, 0.6330, 0.6305, 0.6287, 0.6277, 0.6279, 0.6328, 0.6297,\n",
       "          0.6291]]),\n",
       " tensor([[0.6225, 0.6225, 0.6225, 0.6225, 0.6225, 0.6225, 0.6225, 0.6225, 0.6225,\n",
       "          0.6225, 0.6225, 0.6225, 0.6225, 0.6225, 0.6225, 0.6225, 0.6225, 0.6225,\n",
       "          0.6225, 0.6225, 0.6225, 0.6225, 0.6225, 0.6225, 0.6225, 0.6225],\n",
       "         [0.6225, 0.6225, 0.6220, 0.6220, 0.6220, 0.6219, 0.6219, 0.6218, 0.6217,\n",
       "          0.6217, 0.6217, 0.6217, 0.6217, 0.6218, 0.6218, 0.6218, 0.6218, 0.6219,\n",
       "          0.6219, 0.6219, 0.6220, 0.6220, 0.6220, 0.6220, 0.6220, 0.6222],\n",
       "         [0.6225, 0.6220, 0.6536, 0.6539, 0.6592, 0.6608, 0.6642, 0.6744, 0.6803,\n",
       "          0.6813, 0.6813, 0.6793, 0.6776, 0.6742, 0.6737, 0.6714, 0.6701, 0.6659,\n",
       "          0.6625, 0.6607, 0.6597, 0.6599, 0.6566, 0.6567, 0.6543, 0.6442],\n",
       "         [0.6225, 0.6220, 0.6539, 0.6542, 0.6595, 0.6611, 0.6646, 0.6748, 0.6808,\n",
       "          0.6818, 0.6818, 0.6798, 0.6781, 0.6747, 0.6741, 0.6718, 0.6705, 0.6663,\n",
       "          0.6628, 0.6611, 0.6600, 0.6603, 0.6569, 0.6570, 0.6546, 0.6444],\n",
       "         [0.6225, 0.6220, 0.6592, 0.6595, 0.6658, 0.6676, 0.6716, 0.6835, 0.6905,\n",
       "          0.6916, 0.6916, 0.6893, 0.6873, 0.6834, 0.6827, 0.6800, 0.6785, 0.6737,\n",
       "          0.6696, 0.6676, 0.6663, 0.6666, 0.6627, 0.6629, 0.6600, 0.6482],\n",
       "         [0.6225, 0.6219, 0.6608, 0.6611, 0.6676, 0.6695, 0.6737, 0.6861, 0.6932,\n",
       "          0.6944, 0.6944, 0.6921, 0.6900, 0.6859, 0.6852, 0.6824, 0.6809, 0.6758,\n",
       "          0.6716, 0.6695, 0.6682, 0.6685, 0.6644, 0.6646, 0.6616, 0.6493],\n",
       "         [0.6225, 0.6219, 0.6642, 0.6646, 0.6716, 0.6737, 0.6782, 0.6916, 0.6994,\n",
       "          0.7007, 0.7007, 0.6981, 0.6958, 0.6914, 0.6907, 0.6877, 0.6860, 0.6805,\n",
       "          0.6760, 0.6736, 0.6722, 0.6726, 0.6682, 0.6683, 0.6651, 0.6517],\n",
       "         [0.6225, 0.6218, 0.6744, 0.6748, 0.6835, 0.6861, 0.6916, 0.7080, 0.7174,\n",
       "          0.7189, 0.7189, 0.7158, 0.7131, 0.7077, 0.7068, 0.7032, 0.7011, 0.6944,\n",
       "          0.6889, 0.6860, 0.6843, 0.6847, 0.6793, 0.6795, 0.6755, 0.6589],\n",
       "         [0.6225, 0.6217, 0.6803, 0.6808, 0.6905, 0.6932, 0.6994, 0.7174, 0.7277,\n",
       "          0.7293, 0.7293, 0.7260, 0.7230, 0.7171, 0.7161, 0.7121, 0.7098, 0.7025,\n",
       "          0.6963, 0.6932, 0.6913, 0.6918, 0.6857, 0.6860, 0.6816, 0.6631],\n",
       "         [0.6225, 0.6217, 0.6813, 0.6818, 0.6916, 0.6944, 0.7007, 0.7189, 0.7293,\n",
       "          0.7311, 0.7311, 0.7276, 0.7246, 0.7186, 0.7176, 0.7136, 0.7113, 0.7038,\n",
       "          0.6976, 0.6944, 0.6924, 0.6929, 0.6868, 0.6870, 0.6826, 0.6638],\n",
       "         [0.6225, 0.6217, 0.6813, 0.6818, 0.6916, 0.6944, 0.7007, 0.7189, 0.7293,\n",
       "          0.7311, 0.7311, 0.7276, 0.7246, 0.7186, 0.7176, 0.7136, 0.7113, 0.7038,\n",
       "          0.6976, 0.6944, 0.6924, 0.6929, 0.6868, 0.6870, 0.6826, 0.6638],\n",
       "         [0.6225, 0.6217, 0.6793, 0.6798, 0.6893, 0.6921, 0.6981, 0.7158, 0.7260,\n",
       "          0.7276, 0.7276, 0.7243, 0.7213, 0.7156, 0.7146, 0.7106, 0.7084, 0.7011,\n",
       "          0.6951, 0.6920, 0.6901, 0.6906, 0.6847, 0.6849, 0.6806, 0.6624],\n",
       "         [0.6225, 0.6217, 0.6776, 0.6781, 0.6873, 0.6900, 0.6958, 0.7131, 0.7230,\n",
       "          0.7246, 0.7246, 0.7213, 0.7185, 0.7128, 0.7119, 0.7080, 0.7059, 0.6988,\n",
       "          0.6929, 0.6899, 0.6881, 0.6885, 0.6828, 0.6830, 0.6788, 0.6612],\n",
       "         [0.6225, 0.6218, 0.6742, 0.6747, 0.6834, 0.6859, 0.6914, 0.7077, 0.7171,\n",
       "          0.7186, 0.7186, 0.7156, 0.7128, 0.7075, 0.7066, 0.7030, 0.7009, 0.6942,\n",
       "          0.6887, 0.6858, 0.6841, 0.6845, 0.6791, 0.6793, 0.6754, 0.6588],\n",
       "         [0.6225, 0.6218, 0.6737, 0.6741, 0.6827, 0.6852, 0.6907, 0.7068, 0.7161,\n",
       "          0.7176, 0.7176, 0.7146, 0.7119, 0.7066, 0.7057, 0.7021, 0.7001, 0.6934,\n",
       "          0.6880, 0.6851, 0.6834, 0.6839, 0.6785, 0.6787, 0.6748, 0.6584],\n",
       "         [0.6225, 0.6218, 0.6714, 0.6718, 0.6800, 0.6824, 0.6877, 0.7032, 0.7121,\n",
       "          0.7136, 0.7136, 0.7106, 0.7080, 0.7030, 0.7021, 0.6986, 0.6967, 0.6903,\n",
       "          0.6851, 0.6824, 0.6807, 0.6812, 0.6760, 0.6762, 0.6725, 0.6568],\n",
       "         [0.6225, 0.6218, 0.6701, 0.6705, 0.6785, 0.6809, 0.6860, 0.7011, 0.7098,\n",
       "          0.7113, 0.7113, 0.7084, 0.7059, 0.7009, 0.7001, 0.6967, 0.6948, 0.6886,\n",
       "          0.6834, 0.6808, 0.6792, 0.6796, 0.6746, 0.6748, 0.6711, 0.6559],\n",
       "         [0.6225, 0.6219, 0.6659, 0.6663, 0.6737, 0.6758, 0.6805, 0.6944, 0.7025,\n",
       "          0.7038, 0.7038, 0.7011, 0.6988, 0.6942, 0.6934, 0.6903, 0.6886, 0.6829,\n",
       "          0.6782, 0.6757, 0.6743, 0.6746, 0.6700, 0.6702, 0.6669, 0.6529],\n",
       "         [0.6225, 0.6219, 0.6625, 0.6628, 0.6696, 0.6716, 0.6760, 0.6889, 0.6963,\n",
       "          0.6976, 0.6976, 0.6951, 0.6929, 0.6887, 0.6880, 0.6851, 0.6834, 0.6782,\n",
       "          0.6738, 0.6716, 0.6702, 0.6705, 0.6663, 0.6665, 0.6634, 0.6505],\n",
       "         [0.6225, 0.6219, 0.6607, 0.6611, 0.6676, 0.6695, 0.6736, 0.6860, 0.6932,\n",
       "          0.6944, 0.6944, 0.6920, 0.6899, 0.6858, 0.6851, 0.6824, 0.6808, 0.6757,\n",
       "          0.6716, 0.6694, 0.6681, 0.6684, 0.6644, 0.6645, 0.6616, 0.6492],\n",
       "         [0.6225, 0.6220, 0.6597, 0.6600, 0.6663, 0.6682, 0.6722, 0.6843, 0.6913,\n",
       "          0.6924, 0.6924, 0.6901, 0.6881, 0.6841, 0.6834, 0.6807, 0.6792, 0.6743,\n",
       "          0.6702, 0.6681, 0.6669, 0.6672, 0.6632, 0.6634, 0.6605, 0.6485],\n",
       "         [0.6225, 0.6220, 0.6599, 0.6603, 0.6666, 0.6685, 0.6726, 0.6847, 0.6918,\n",
       "          0.6929, 0.6929, 0.6906, 0.6885, 0.6845, 0.6839, 0.6812, 0.6796, 0.6746,\n",
       "          0.6705, 0.6684, 0.6672, 0.6675, 0.6635, 0.6637, 0.6608, 0.6487],\n",
       "         [0.6225, 0.6220, 0.6566, 0.6569, 0.6627, 0.6644, 0.6682, 0.6793, 0.6857,\n",
       "          0.6868, 0.6868, 0.6847, 0.6828, 0.6791, 0.6785, 0.6760, 0.6746, 0.6700,\n",
       "          0.6663, 0.6644, 0.6632, 0.6635, 0.6599, 0.6600, 0.6574, 0.6463],\n",
       "         [0.6225, 0.6220, 0.6567, 0.6570, 0.6629, 0.6646, 0.6683, 0.6795, 0.6860,\n",
       "          0.6870, 0.6870, 0.6849, 0.6830, 0.6793, 0.6787, 0.6762, 0.6748, 0.6702,\n",
       "          0.6665, 0.6645, 0.6634, 0.6637, 0.6600, 0.6601, 0.6575, 0.6464],\n",
       "         [0.6225, 0.6220, 0.6543, 0.6546, 0.6600, 0.6616, 0.6651, 0.6755, 0.6816,\n",
       "          0.6826, 0.6826, 0.6806, 0.6788, 0.6754, 0.6748, 0.6725, 0.6711, 0.6669,\n",
       "          0.6634, 0.6616, 0.6605, 0.6608, 0.6574, 0.6575, 0.6550, 0.6447],\n",
       "         [0.6225, 0.6222, 0.6442, 0.6444, 0.6482, 0.6493, 0.6517, 0.6589, 0.6631,\n",
       "          0.6638, 0.6638, 0.6624, 0.6612, 0.6588, 0.6584, 0.6568, 0.6559, 0.6529,\n",
       "          0.6505, 0.6492, 0.6485, 0.6487, 0.6463, 0.6464, 0.6447, 0.6376]]),\n",
       " tensor([[0.6225, 0.6225, 0.6225,  ..., 0.6225, 0.6225, 0.6225],\n",
       "         [0.6225, 0.6251, 0.6256,  ..., 0.6169, 0.6171, 0.6170],\n",
       "         [0.6225, 0.6256, 0.6263,  ..., 0.6157, 0.6160, 0.6159],\n",
       "         ...,\n",
       "         [0.6225, 0.6169, 0.6157,  ..., 0.6341, 0.6336, 0.6338],\n",
       "         [0.6225, 0.6171, 0.6160,  ..., 0.6336, 0.6332, 0.6334],\n",
       "         [0.6225, 0.6170, 0.6159,  ..., 0.6338, 0.6334, 0.6336]]),\n",
       " tensor([[0.6225, 0.6225, 0.6225,  ..., 0.6225, 0.6225, 0.6225],\n",
       "         [0.6225, 0.6227, 0.6229,  ..., 0.6269, 0.6270, 0.6276],\n",
       "         [0.6225, 0.6229, 0.6234,  ..., 0.6312, 0.6314, 0.6327],\n",
       "         ...,\n",
       "         [0.6225, 0.6269, 0.6312,  ..., 0.7026, 0.7044, 0.7159],\n",
       "         [0.6225, 0.6270, 0.6314,  ..., 0.7044, 0.7062, 0.7179],\n",
       "         [0.6225, 0.6276, 0.6327,  ..., 0.7159, 0.7179, 0.7311]]),\n",
       " tensor([[0.6225, 0.6225, 0.6225, 0.6225, 0.6225, 0.6225, 0.6225, 0.6225, 0.6225,\n",
       "          0.6225, 0.6225, 0.6225, 0.6225, 0.6225, 0.6225, 0.6225, 0.6225, 0.6225,\n",
       "          0.6225, 0.6225, 0.6225, 0.6225, 0.6225, 0.6225, 0.6225, 0.6225, 0.6225,\n",
       "          0.6225, 0.6225],\n",
       "         [0.6225, 0.6225, 0.6223, 0.6218, 0.6218, 0.6218, 0.6220, 0.6220, 0.6219,\n",
       "          0.6218, 0.6207, 0.6223, 0.6223, 0.6222, 0.6218, 0.6216, 0.6215, 0.6214,\n",
       "          0.6214, 0.6215, 0.6217, 0.6218, 0.6218, 0.6217, 0.6216, 0.6214, 0.6213,\n",
       "          0.6212, 0.6212],\n",
       "         [0.6225, 0.6223, 0.6238, 0.6267, 0.6270, 0.6272, 0.6257, 0.6255, 0.6263,\n",
       "          0.6269, 0.6349, 0.6236, 0.6234, 0.6242, 0.6267, 0.6283, 0.6290, 0.6295,\n",
       "          0.6297, 0.6292, 0.6278, 0.6273, 0.6273, 0.6277, 0.6287, 0.6301, 0.6305,\n",
       "          0.6310, 0.6314],\n",
       "         [0.6225, 0.6218, 0.6267, 0.6361, 0.6371, 0.6377, 0.6328, 0.6323, 0.6346,\n",
       "          0.6367, 0.6617, 0.6261, 0.6255, 0.6281, 0.6361, 0.6411, 0.6432, 0.6449,\n",
       "          0.6454, 0.6439, 0.6395, 0.6378, 0.6380, 0.6392, 0.6423, 0.6467, 0.6479,\n",
       "          0.6497, 0.6509],\n",
       "         [0.6225, 0.6218, 0.6270, 0.6371, 0.6382, 0.6389, 0.6336, 0.6331, 0.6355,\n",
       "          0.6378, 0.6646, 0.6264, 0.6258, 0.6285, 0.6371, 0.6425, 0.6448, 0.6465,\n",
       "          0.6471, 0.6456, 0.6408, 0.6390, 0.6392, 0.6405, 0.6438, 0.6486, 0.6498,\n",
       "          0.6518, 0.6530],\n",
       "         [0.6225, 0.6218, 0.6272, 0.6377, 0.6389, 0.6396, 0.6341, 0.6336, 0.6361,\n",
       "          0.6385, 0.6664, 0.6265, 0.6259, 0.6287, 0.6377, 0.6433, 0.6458, 0.6476,\n",
       "          0.6482, 0.6465, 0.6416, 0.6397, 0.6400, 0.6412, 0.6447, 0.6497, 0.6510,\n",
       "          0.6530, 0.6543],\n",
       "         [0.6225, 0.6220, 0.6257, 0.6328, 0.6336, 0.6341, 0.6304, 0.6300, 0.6317,\n",
       "          0.6334, 0.6525, 0.6252, 0.6248, 0.6267, 0.6328, 0.6367, 0.6383, 0.6396,\n",
       "          0.6400, 0.6389, 0.6355, 0.6342, 0.6344, 0.6352, 0.6376, 0.6410, 0.6419,\n",
       "          0.6433, 0.6442],\n",
       "         [0.6225, 0.6220, 0.6255, 0.6323, 0.6331, 0.6336, 0.6300, 0.6297, 0.6313,\n",
       "          0.6328, 0.6511, 0.6251, 0.6247, 0.6265, 0.6324, 0.6360, 0.6376, 0.6388,\n",
       "          0.6392, 0.6381, 0.6349, 0.6336, 0.6338, 0.6346, 0.6369, 0.6402, 0.6410,\n",
       "          0.6423, 0.6432],\n",
       "         [0.6225, 0.6219, 0.6263, 0.6346, 0.6355, 0.6361, 0.6317, 0.6313, 0.6333,\n",
       "          0.6352, 0.6576, 0.6257, 0.6252, 0.6275, 0.6346, 0.6391, 0.6411, 0.6425,\n",
       "          0.6430, 0.6417, 0.6377, 0.6362, 0.6364, 0.6374, 0.6402, 0.6442, 0.6452,\n",
       "          0.6469, 0.6479],\n",
       "         [0.6225, 0.6218, 0.6269, 0.6367, 0.6378, 0.6385, 0.6334, 0.6328, 0.6352,\n",
       "          0.6374, 0.6636, 0.6263, 0.6257, 0.6283, 0.6367, 0.6420, 0.6443, 0.6460,\n",
       "          0.6465, 0.6450, 0.6404, 0.6386, 0.6388, 0.6400, 0.6433, 0.6479, 0.6491,\n",
       "          0.6511, 0.6523],\n",
       "         [0.6225, 0.6207, 0.6349, 0.6617, 0.6646, 0.6664, 0.6525, 0.6511, 0.6576,\n",
       "          0.6636, 0.7311, 0.6331, 0.6315, 0.6387, 0.6617, 0.6757, 0.6818, 0.6863,\n",
       "          0.6877, 0.6837, 0.6714, 0.6666, 0.6673, 0.6705, 0.6792, 0.6914, 0.6945,\n",
       "          0.6996, 0.7026],\n",
       "         [0.6225, 0.6223, 0.6236, 0.6261, 0.6264, 0.6265, 0.6252, 0.6251, 0.6257,\n",
       "          0.6263, 0.6331, 0.6234, 0.6233, 0.6240, 0.6261, 0.6274, 0.6280, 0.6285,\n",
       "          0.6286, 0.6282, 0.6270, 0.6266, 0.6266, 0.6269, 0.6278, 0.6290, 0.6293,\n",
       "          0.6298, 0.6301],\n",
       "         [0.6225, 0.6223, 0.6234, 0.6255, 0.6258, 0.6259, 0.6248, 0.6247, 0.6252,\n",
       "          0.6257, 0.6315, 0.6233, 0.6232, 0.6237, 0.6255, 0.6267, 0.6272, 0.6276,\n",
       "          0.6277, 0.6273, 0.6263, 0.6259, 0.6260, 0.6263, 0.6270, 0.6280, 0.6283,\n",
       "          0.6287, 0.6289],\n",
       "         [0.6225, 0.6222, 0.6242, 0.6281, 0.6285, 0.6287, 0.6267, 0.6265, 0.6275,\n",
       "          0.6283, 0.6387, 0.6240, 0.6237, 0.6248, 0.6281, 0.6301, 0.6310, 0.6317,\n",
       "          0.6319, 0.6313, 0.6295, 0.6288, 0.6289, 0.6294, 0.6306, 0.6325, 0.6330,\n",
       "          0.6337, 0.6342],\n",
       "         [0.6225, 0.6218, 0.6267, 0.6361, 0.6371, 0.6377, 0.6328, 0.6324, 0.6346,\n",
       "          0.6367, 0.6617, 0.6261, 0.6255, 0.6281, 0.6361, 0.6411, 0.6433, 0.6449,\n",
       "          0.6454, 0.6439, 0.6395, 0.6378, 0.6381, 0.6392, 0.6423, 0.6468, 0.6479,\n",
       "          0.6498, 0.6509],\n",
       "         [0.6225, 0.6216, 0.6283, 0.6411, 0.6425, 0.6433, 0.6367, 0.6360, 0.6391,\n",
       "          0.6420, 0.6757, 0.6274, 0.6267, 0.6301, 0.6411, 0.6479, 0.6508, 0.6530,\n",
       "          0.6537, 0.6518, 0.6458, 0.6434, 0.6438, 0.6453, 0.6496, 0.6556, 0.6571,\n",
       "          0.6596, 0.6612],\n",
       "         [0.6225, 0.6215, 0.6290, 0.6432, 0.6448, 0.6458, 0.6383, 0.6376, 0.6411,\n",
       "          0.6443, 0.6818, 0.6280, 0.6272, 0.6310, 0.6433, 0.6508, 0.6542, 0.6566,\n",
       "          0.6574, 0.6552, 0.6485, 0.6459, 0.6463, 0.6480, 0.6527, 0.6595, 0.6612,\n",
       "          0.6639, 0.6656],\n",
       "         [0.6225, 0.6214, 0.6295, 0.6449, 0.6465, 0.6476, 0.6396, 0.6388, 0.6425,\n",
       "          0.6460, 0.6863, 0.6285, 0.6276, 0.6317, 0.6449, 0.6530, 0.6566, 0.6592,\n",
       "          0.6601, 0.6577, 0.6505, 0.6477, 0.6481, 0.6500, 0.6551, 0.6623, 0.6641,\n",
       "          0.6671, 0.6689],\n",
       "         [0.6225, 0.6214, 0.6297, 0.6454, 0.6471, 0.6482, 0.6400, 0.6392, 0.6430,\n",
       "          0.6465, 0.6877, 0.6286, 0.6277, 0.6319, 0.6454, 0.6537, 0.6574, 0.6601,\n",
       "          0.6609, 0.6585, 0.6512, 0.6483, 0.6487, 0.6506, 0.6558, 0.6632, 0.6651,\n",
       "          0.6681, 0.6700],\n",
       "         [0.6225, 0.6215, 0.6292, 0.6439, 0.6456, 0.6465, 0.6389, 0.6381, 0.6417,\n",
       "          0.6450, 0.6837, 0.6282, 0.6273, 0.6313, 0.6439, 0.6518, 0.6552, 0.6577,\n",
       "          0.6585, 0.6563, 0.6494, 0.6467, 0.6471, 0.6489, 0.6537, 0.6607, 0.6624,\n",
       "          0.6653, 0.6670],\n",
       "         [0.6225, 0.6217, 0.6278, 0.6395, 0.6408, 0.6416, 0.6355, 0.6349, 0.6377,\n",
